13
12
32
50
64
79
84
107
132
148
160
208
200
205
260
275
348
367
400
432
425
490
525
519
554
646
712
762
780
784
799
854
870
871
964
1042
1067
1086
1075
1157
1219
1236
1306
1347
1386
1410
1451
1506
1502
1518
1549
1575
1646
1667
1676
1644
1675
1647
1651
1662
1722
1690
1744
1728
1745
1734
1771
1760
1786
1728
1690
1709
1678
1731
1741
1760
1684
1715
1730
1599
1628
1699
1729
1582
1638
1626
1613
1531
1548
1596
1511
1535
1517
1531
1515
1427
1466
1451
1409
1420
1384
1369
1377
1311
1344
1346
1305
1330
1300
1312
1288
1276
1212
1173
1159
1165
1164
1199
1125
1190
1168
1130
1103
1135
1107
1114
1069
1063
1088
1049
993
977
946
955
959
952
952
922
866
903
957
832
846
853
869
820
853
811
819
787
780
798
744
761
781
715
705
730
719
710
699
709
694
680
703
671
669
663
636
616
603
604
592
621
592
606
579
544
544
587
516
576
505
514
529
519
452
479
502
447
425
441
381
469
417
436
424
392
374
451
434
389
382
363
380
386
376
384
379
380
385
416
460
498
553
668
701
771
848
978
1049
1190
1202
1226
1258
1229
1161
1202
1127
1130
1037
827
782
719
629
576
638
568
536
542
473
458
392
382
288
236
226
135
116
70
48
20
12
4
2
0
