6
2
7
9
24
28
29
31
37
35
48
60
47
63
57
67
66
74
88
98
123
136
107
128
142
153
166
148
176
223
187
201
238
230
270
258
275
275
291
347
361
326
380
370
408
406
408
420
429
527
471
530
535
536
570
636
660
729
715
759
852
869
966
1081
1107
1162
1267
1280
1367
1459
1481
1521
1504
1508
1530
1657
1496
1605
1607
1603
1552
1535
1520
1561
1530
1574
1490
1537
1529
1555
1475
1480
1511
1519
1524
1590
1517
1449
1525
1511
1428
1523
1495
1445
1566
1560
1510
1529
1498
1517
1589
1440
1511
1490
1501
1447
1491
1537
1401
1488
1438
1528
1477
1513
1488
1475
1465
1468
1353
1403
1454
1444
1377
1383
1395
1386
1388
1426
1395
1414
1355
1341
1391
1387
1387
1377
1407
1380
1325
1371
1368
1329
1412
1377
1434
1332
1427
1358
1333
1379
1392
1364
1352
1315
1398
1354
1346
1398
1376
1360
1364
1325
1433
1393
1459
1423
1478
1488
1389
1491
1468
1461
1533
1536
1562
1684
1704
1790
1833
1880
1966
2039
2045
2033
2014
1953
1918
1736
1524
1326
1194
1049
981
832
739
642
540
460
376
321
276
251
193
159
134
108
105
76
70
53
47
37
35
36
18
17
17
16
21
9
6
9
6
3
4
4
3
1
2
2
1
0
1
1
1
0
1
1
0
1
0
0
0
0
0
0
