70
39
62
75
108
137
166
249
299
407
498
578
755
904
1027
1147
1310
1480
1696
1822
1942
2118
2052
2198
2052
2063
2080
2029
1885
1719
1559
1478
1379
1319
1251
1189
1109
1105
1006
1001
1035
1052
992
1017
1034
964
998
975
1012
998
1005
1010
1066
984
1008
1026
1150
1096
1192
1308
1388
1537
1637
1766
1911
2034
2103
2032
1886
1908
1796
1677
1634
1533
1503
1469
1443
1452
1401
1440
1391
1394
1499
1391
1398
1497
1538
1435
1636
1813
1899
1960
2098
2067
2092
2106
2093
1957
1979
1867
1967
1790
1658
1625
1569
1566
1558
1538
1560
1639
1522
1620
1631
1743
1577
1705
1586
1631
1577
1558
1628
1557
1683
1794
1805
1735
1893
2010
2006
1951
1977
2093
1938
2119
2109
2111
2040
2056
1833
1727
1581
1466
1321
1231
1169
1094
1057
1056
1000
961
1017
1005
866
875
880
891
913
867
799
742
736
635
596
614
555
492
458
485
497
506
453
455
471
525
495
502
551
548
597
583
670
701
686
689
739
745
767
791
710
641
657
708
736
735
705
809
743
722
741
820
874
896
814
823
841
848
748
661
538
528
413
323
302
243
234
200
181
165
156
135
100
76
82
61
49
38
37
15
20
11
13
8
8
4
4
1
0
0
1
0
0
0
0
0
0
0
1
0
0
0
0
0
1
1
0
0
