2
0
1
1
10
18
17
26
14
31
29
18
15
22
36
43
62
43
47
60
67
78
87
88
89
96
104
119
117
128
142
176
159
172
177
212
234
240
240
260
318
387
353
370
409
410
464
479
490
533
529
559
529
685
644
705
730
771
742
863
856
891
938
890
932
943
1024
984
1100
1061
1170
1118
1204
1170
1243
1189
1237
1245
1349
1298
1364
1339
1335
1375
1396
1473
1445
1461
1493
1475
1508
1492
1545
1555
1474
1473
1587
1547
1546
1569
1464
1506
1563
1560
1527
1544
1554
1616
1591
1520
1550
1574
1666
1612
1619
1589
1590
1560
1594
1618
1584
1586
1544
1561
1500
1455
1591
1468
1440
1436
1485
1521
1505
1482
1387
1449
1447
1488
1460
1410
1527
1427
1435
1479
1429
1437
1359
1444
1352
1408
1394
1382
1345
1409
1361
1292
1217
1298
1259
1235
1274
1239
1237
1175
1149
1093
1039
1125
1112
1101
1117
1088
1055
1066
1078
1008
1021
1048
981
1015
1004
1034
1037
981
1006
975
974
1039
1025
941
953
1045
973
962
949
913
849
837
763
753
735
661
651
622
545
520
526
476
497
531
491
464
439
476
482
497
506
503
523
499
584
499
485
498
473
476
488
458
481
437
519
532
600
622
711
761
891
1058
1185
1175
1359
1494
1470
1378
1204
1088
903
687
593
453
309
197
105
64
30
6
